47
89
122
141
167
177
252
426
495
523
551
580
680
765
808
892
909
939
53
154
165
185
199
235
273
331
406
566
626
646
662
677
679
695
743
923
964
967
974
979
7
30
61
68
69
100
140
234
302
340
348
371
470
556
566
630
720
723
745
780
820
843
849
854
886
895
949
1009
1013
51
62
84
91
239
423
452
460
482
514
547
621
696
718
719
796
806
860
897
1010
1011
117
130
294
321
414
448
551
593
699
724
765
807
899
978
989
1008
101
112
118
228
253
266
281
438
469
484
529
614
680
829
941
946
973
1014
23
60
71
79
90
135
191
201
474
663
776
837
939
961
1019
140
350
369
587
654
74
112
128
151
175
222
295
354
362
371
376
473
528
553
588
638
645
751
764
874
938
955
958
981
999
106
136
140
169
179
244
268
281
317
375
442
522
789
903
939
995
124
139
160
205
271
281
285
340
439
518
544
669
684
767
797
799
813
864
874
903
943
163
341
826
47
287
375
450
635
710
949
1004
103
191
245
389
843
856
38
180
233
288
490
518
574
582
617
878
921
997
77
199
244
260
271
310
320
330
494
518
539
586
668
787
811
840
909
953
989
1014
50
103
118
125
853
913
929
376
74
194
349
360
402
414
529
575
596
761
828
856
933
955
958
389
870
1
85
106
132
134
165
180
228
287
369
395
416
541
602
632
638
658
685
693
704
737
744
867
950
959
990
841
26
58
212
284
374
531
769
799
104
196
246
57
67
191
413
425
527
656
666
680
691
733
773
801
830
846
318
487
554
688
742
841
891
942
983
125
159
189
354
477
506
514
536
574
811
854
880
898
911
943
1018
395
470
552
565
599
647
654
731
780
783
42
256
439
523
659
85
109
112
161
206
306
309
317
369
386
398
446
455
506
556
578
593
601
622
668
673
677
724
755
781
815
906
938
983
7
160
197
294
529
593
682
692
742
1
219
349
370
476
547
618
640
775
956
196
215
292
531
593
615
667
871
881
272
374
525
743
810
0
17
51
93
112
123
194
198
199
240
347
416
423
457
515
572
586
713
798
836
851
865
984
31
93
134
309
349
380
433
482
506
533
535
724
786
807
922
220
422
443
500
649
841
957
251
612
614
979
654
990
24
40
78
84
294
304
306
445
510
544
603
670
698
734
934
990
19
32
188
191
204
215
271
294
342
347
377
382
480
560
621
716
851
880
906
908
911
963
965
966
981
1017
288
549
598
678
858
860
999
95
106
134
186
215
629
655
809
843
852
913
940
960
14
41
56
94
102
135
143
233
237
247
370
425
446
467
675
742
805
827
913
983
4
7
122
130
231
232
271
313
343
478
485
535
540
557
588
617
644
667
712
714
725
757
772
791
878
897
904
915
943
994
6
32
44
105
138
358
382
462
527
561
590
617
674
706
836
841
942
63
131
153
222
244
393
417
468
503
538
572
630
779
802
841
856
858
962
15
145
152
175
178
272
337
375
432
444
501
535
597
604
747
840
871
983
1005
39
3
36
141
211
357
449
465
468
582
623
628
675
751
771
788
877
914
930
1021
69
74
76
78
111
117
131
213
271
277
317
404
423
448
473
478
600
613
614
653
791
792
841
909
980
67
194
206
274
394
565
580
677
849
929
1012
11
66
133
155
173
202
226
232
260
378
462
468
470
485
515
558
675
723
741
812
826
846
873
896
904
992
1019
1021
125
128
455
669
827
864
883
943
58
202
372
568
577
655
711
940
83
198
207
242
305
318
434
494
497
576
624
633
736
911
105
106
124
161
165
297
313
449
555
556
600
719
765
771
874
884
941
82
88
125
149
194
212
258
335
409
427
514
532
593
622
681
704
709
745
749
766
816
864
907
971
469
538
595
778
942
117
175
977
0
30
52
64
65
95
144
176
185
437
453
483
648
707
739
750
769
784
814
963
988
1017
53
113
374
382
619
647
702
972
9
105
131
191
373
382
400
462
521
608
656
757
944
946
1002
1007
8
47
52
68
104
115
129
147
223
501
519
539
553
597
851
981
205
230
351
357
362
383
496
593
661
686
723
754
860
865
971
19
116
140
205
271
279
280
334
362
426
429
451
500
508
530
558
576
601
656
725
772
826
868
987
988
995
124
131
206
340
560
685
698
783
888
927
935
43
45
48
129
138
184
216
242
264
271
381
393
496
501
542
545
601
655
732
795
820
831
852
893
908
991
46
307
476
564
618
838
858
957
1018
94
109
150
159
175
218
253
290
328
438
483
494
507
750
768
810
893
909
917
926
980
4
15
172
199
274
375
461
465
561
573
600
698
761
776
778
803
808
887
893
912
39
204
419
734
798
802
129
14
45
47
70
78
135
176
362
476
499
510
520
535
549
553
563
570
580
627
671
700
748
773
821
867
889
922
939
987
72
174
229
264
617
671
913
962
332
422
482
506
635
921
922
156
236
334
369
372
390
474
492
496
504
633
652
734
755
756
796
917
924
975
21
29
78
103
108
110
158
218
226
260
283
335
339
385
409
616
622
714
717
722
739
770
811
837
845
871
1003
1007
10
21
94
129
220
234
317
348
427
436
466
526
739
815
820
828
854
860
909
996
24
40
121
213
242
260
267
306
328
507
524
547
555
565
571
614
619
634
658
675
719
731
750
844
932
945
221
264
322
609
825
891
256
591
618
32
168
273
310
496
522
990
1018
143
301
342
386
513
578
732
800
816
850
934
944
152
618
880
882
4
84
155
452
564
616
648
754
817
957
6
34
153
216
217
253
268
329
373
453
499
550
575
610
650
724
752
823
845
862
986
114
376
469
595
947
1020
23
26
29
95
102
212
306
453
531
566
582
607
644
751
801
834
857
896
921
968
974
998
26
67
110
119
206
208
384
393
437
462
632
711
1006
22
141
151
215
297
387
478
480
496
513
539
541
548
559
614
620
621
666
671
731
756
760
803
924
67
85
98
111
257
319
393
403
508
556
587
598
606
665
669
684
714
806
816
832
837
865
894
959
1011
54
60
70
187
288
313
316
372
413
501
556
658
676
679
708
760
790
815
822
887
897
955
980
999
31
160
171
250
309
372
388
442
502
780
876
37
77
101
148
184
200
227
376
381
395
477
494
541
551
605
638
748
763
773
785
828
870
879
915
951
979
986
139
228
328
382
465
906
10
11
160
161
220
331
470
551
558
564
590
601
656
666
749
761
848
877
882
903
904
907
954
997
137
360
386
652
24
38
96
115
143
207
266
269
350
354
359
365
409
423
437
479
519
552
567
610
722
732
805
837
871
886
1004
1013
13
26
28
65
80
175
299
310
322
371
396
434
463
533
534
561
609
655
693
709
725
815
964
991
1006
5
75
103
286
364
372
416
547
616
694
751
786
960
970
1020
9
28
43
108
190
209
246
382
415
435
443
487
489
502
535
560
645
717
721
730
753
789
836
896
943
950
959
962
